defaultdict(<class 'int'>, {0: 3, 1: 2, 2: 4, 4: 4, 6: 5, 8: 6, 76: 14, 10: 6, 12: 8, 66: 14, 14: 6, 16: 6, 18: 8, 20: 12, 78: 14, 22: 8, 24: 8, 68: 14, 26: 9, 28: 8, 30: 8, 32: 12, 80: 18, 34: 20, 36: 10, 70: 14, 38: 12, 40: 12, 64: 14, 42: 10, 44: 12, 82: 17, 46: 12, 48: 12, 72: 14, 50: 12, 52: 12, 54: 14, 56: 14, 84: 14, 58: 12, 74: 14, 62: 14}) 84
0 0
1 16
2 2
3 16
4 2
5 60
6 2
7 0
8 2
9 0
10 2
11 0
12 2
13 0
14 2
15 0
16 2
17 0
18 2
19 0
20 2
21 0
22 2
23 0
24 2
25 0
26 2
27 0
28 2
29 0
30 2
31 0
32 2
33 0
34 2
35 0
36 2
37 0
38 2
39 0
40 2
41 0
42 2
43 0
44 2
45 0
46 2
47 0
48 2
49 0
50 2
51 0
52 2
53 0
54 2
55 0
56 2
57 0
58 2
59 0
60 2
61 0
62 2
63 0
64 2
65 0
66 2
67 0
68 2
69 0
70 2
71 0
72 2
73 0
74 2
75 0
76 2
77 0
78 2
79 0
80 2
81 0
82 2
83 0
84 2
85 0
86 2
87 0
88 2
89 0
90 2
91 0
92 2
93 0
94 2
95 0
96 2
97 0
98 2
99 0
100 2
101 0
102 2
103 0
104 2
105 0
106 2
107 0
108 2
109 0
110 2
111 0
112 2
113 0
114 2
115 0
116 2
117 0
118 2
119 0
120 2
121 0
122 2
123 0
124 2
125 0
126 2
127 0
128 2
129 0
130 2
131 0
132 2
133 0
134 2
135 0
136 2
137 0
138 2
139 0
140 2
141 0
142 2
143 0
144 2
145 0
146 2
147 0
148 2
149 0
150 2
151 0
152 2
153 0
154 2
155 0
156 2
157 0
158 2
159 0
160 2
161 0
162 2
163 0
164 2
165 0
166 2
167 0
168 2
169 0
170 2
171 0
172 2
173 0
174 2
175 0
176 2
177 0
178 2
179 0
180 2
181 0
182 2
183 0
184 2
185 0
186 2
187 0
188 2
189 0
190 2
191 0
192 2
193 0
194 2
195 0
196 2
197 0
198 2
199 0
200 2
201 0
202 2
203 0
204 2
205 0
206 2
207 0
208 2
209 0
210 2
211 0
212 2
213 0
214 2
215 0
216 2
217 0
218 2
219 0
220 2
221 0
222 2
223 0
224 2
225 0
226 2
227 0
228 2
229 0
230 2
231 0
232 2
233 0
234 2
235 0
236 2
237 0
238 2
239 0
240 2
241 0
242 2
243 0
244 2
245 0
246 2
247 0
248 2
249 0
250 2
251 0
252 2
253 0
254 2
255 0
256 2
257 0
258 2
259 0
260 2
261 0
262 2
263 0
264 2
265 0
266 2
267 0
268 2
269 0
270 2
271 0
272 2
273 0
274 2
275 0
276 2
277 0
278 2
279 0
280 2
281 0
282 2
283 0
284 2
285 0
286 2
287 0
288 2
289 0
290 2
291 0
292 2
293 0
294 2
295 0
296 2
297 0
298 2
299 0
         4173581 function calls (4173580 primitive calls) in 2.445 seconds

   Ordered by: cumulative time

   ncalls  tottime  percall  cumtime  percall filename:lineno(function)
      2/1    0.000    0.000    2.445    2.445 {built-in method builtins.exec}
        1    0.001    0.001    2.445    2.445 day13.py:1(<module>)
      300    0.039    0.000    2.437    0.008 day13.py:107(run)
    45317    0.103    0.000    2.363    0.000 day13.py:95(move_right)
    45317    0.976    0.000    2.221    0.000 day13.py:103(<listcomp>)
  3851945    1.245    0.000    1.245    0.000 day13.py:64(move_scanner)
    45617    0.020    0.000    0.034    0.000 day13.py:92(at_end_or_caught)
    45617    0.017    0.000    0.033    0.000 <string>:12(__new__)
    45617    0.016    0.000    0.016    0.000 {built-in method __new__ of type object at 0x000000006C8DCBA0}
    45617    0.014    0.000    0.014    0.000 day13.py:88(at_end)
    45317    0.006    0.000    0.006    0.000 day13.py:58(scanner_at)
      301    0.004    0.000    0.006    0.000 {built-in method builtins.print}
     1204    0.001    0.000    0.002    0.000 cp1252.py:18(encode)
     1204    0.001    0.000    0.001    0.000 {built-in method _codecs.charmap_encode}
        1    0.000    0.000    0.001    0.001 __init__.py:340(namedtuple)
        1    0.000    0.000    0.000    0.000 {built-in method io.open}
        1    0.000    0.000    0.000    0.000 day13.py:84(<listcomp>)
        1    0.000    0.000    0.000    0.000 {method 'read' of '_io.TextIOWrapper' objects}
        2    0.000    0.000    0.000    0.000 {built-in method builtins.__build_class__}
        1    0.000    0.000    0.000    0.000 <string>:1(<module>)
       85    0.000    0.000    0.000    0.000 day13.py:21(__init__)
        2    0.000    0.000    0.000    0.000 {method 'join' of 'str' objects}
        9    0.000    0.000    0.000    0.000 {method 'format' of 'str' objects}
       43    0.000    0.000    0.000    0.000 {method 'split' of 'str' objects}
        5    0.000    0.000    0.000    0.000 <frozen importlib._bootstrap>:996(_handle_fromlist)
        1    0.000    0.000    0.000    0.000 _bootlocale.py:11(getpreferredencoding)
        5    0.000    0.000    0.000    0.000 __init__.py:405(<genexpr>)
        1    0.000    0.000    0.000    0.000 <string>:5(State)
        1    0.000    0.000    0.000    0.000 cp1252.py:22(decode)
        5    0.000    0.000    0.000    0.000 __init__.py:403(<genexpr>)
        1    0.000    0.000    0.000    0.000 {method 'splitlines' of 'str' objects}
        1    0.000    0.000    0.000    0.000 {built-in method _locale._getdefaultlocale}
        8    0.000    0.000    0.000    0.000 {built-in method builtins.hasattr}
        1    0.000    0.000    0.000    0.000 {built-in method _codecs.charmap_decode}
        1    0.000    0.000    0.000    0.000 {built-in method builtins.max}
        1    0.000    0.000    0.000    0.000 {built-in method builtins.repr}
        1    0.000    0.000    0.000    0.000 codecs.py:259(__init__)
        1    0.000    0.000    0.000    0.000 day13.py:20(Scanner)
        1    0.000    0.000    0.000    0.000 {method 'replace' of 'str' objects}
        5    0.000    0.000    0.000    0.000 {method '__contains__' of 'frozenset' objects}
        1    0.000    0.000    0.000    0.000 {method 'strip' of 'str' objects}
        1    0.000    0.000    0.000    0.000 {method 'keys' of 'dict' objects}
        1    0.000    0.000    0.000    0.000 {built-in method sys._getframe}
        1    0.000    0.000    0.000    0.000 {method 'get' of 'dict' objects}
        4    0.000    0.000    0.000    0.000 {method 'add' of 'set' objects}
        1    0.000    0.000    0.000    0.000 {built-in method builtins.isinstance}
        4    0.000    0.000    0.000    0.000 {method 'startswith' of 'str' objects}
        1    0.000    0.000    0.000    0.000 {method 'disable' of '_lsprof.Profiler' objects}
        5    0.000    0.000    0.000    0.000 {method 'isidentifier' of 'str' objects}
        1    0.000    0.000    0.000    0.000 {built-in method builtins.len}


